81458250083481976155268040490489652861 277858084520302924666674062327832307505 191098738408166841125588543740407459798 189541559085614093425523743427533049722 87456365618001459104501461432742007234 280444059935850069617781101521681608939 184362225737404116476439519623929947593 240377841991859738319960410265754379813 7234907942237825327998276339400639820 69805163233183551636607062805018344629 176821085552845232918794043027401785783 220931341830674239398356499459183031395 155858310931862049810423200727903669674 134737360067775154614188039127821800389 170757022522075296646957088770445022423 42002180607215803052027178699403003034 2355524354593509444298507971323803956 134757236341667927716546390147494293568 95099371998915058244255913711907811461 336284719463703558629582616464312925503 22688472701507317175577973391226541401 258936201968229132559509680896402168973 143328673646313775766210775287780625707 75021358156490308144445629675833223681 289536863674316022226798277174164225623 68823169691340691388493255566211568772 137809394471681896918297459924422986246 301964021677888005315021936081755254962 53658853095388113669866654198869151606 71346250878574607443805064771357222376 195715465639511539236620428791853297663 152293693203229899754248512576025323056 52090031589865867182900645497818415522 188431447317298247586786770631734028516 313432743424805222583093134998515582905 183673607234934388276191135611150827401 186448381747907510775758412188102389577 163231454922239206458991636450451615844 43846572144988402153208937133632925824 66749225666113137349155444608856775879
7954686552871943126503346159339050482793
ACCESS GRANTED
923fa1835d8dbdcd9f9b0e6658b24fce54512fbba71d7a0012c37d2c9dd094a6278593d8d9f7a4aa9fecb66042


36932599949435430310411489520653193133 163256501811568432477597081612784582359 28108954448501273223989754585305598795 146862671874897692538275969138085156559 335661782818361402279938869428687578484 270293864741507183267773099845365183250 154544587663560815398807221838534408502 272601116551631097516675128017730467718 316249764079031789158020428872401853834 244194519230012451219749250844708162523 316917653632022342762413984664481854815 90006364819475224973282250432077212818 20438435832999265443856719261140266616 32403263006204782037634828871003604602 169335643170096436400993041755435157251 43130505194140647888143546827281182833 85913052830293041988919716060940505403 10034746292272860784168912339637712453 333252771827247806208063022292465579728 25754546135298378844169018480715411891 196401266999754604580480409253119279154 244645568000367248563662147470301076186 212443773897907447054676900606837523038 299313110423181386531820419992947963226 154783248334726957177617418140853706109 125198261983479000829403387141184847504 303917831749358010107290116809178703114 310923115420527506829048372508164357283 324237342868941708366886446062449086404 267166789173079582612868315552804247543 76708679048883651785474044733008159086 117456889427474437526378037528602050684 158163456248234464669599871000647465541 31249618466364451592807342365254944308 185296806426294237004248949084295661720 27637350227739654372159670761858211777 306777601110452026127861163890117417219 232937660892736144942796599613359261274 67921125271097225260453676696075200847 222191719058930483494461025272955255589
6721492885605950231766107471630828130193
ACCESS GRANTED
923fa1835d8dbdcd9f9b0e6658b24fce54512fbba71d7a0012c37d2c9dd094a6278593d8d9f7a4aa9fecb66042


75902000525531209938921287371100906385 163040037651372452620398431103733576966 125177120495030301006739682189919736254 48318729111222934049711939579431008113 13888327138419223201905921606762265570 19988823410866511216976758194640689626 282164547911213980605375963383389940776 162671536657688989123011031712405500498 179719462471035552084573074240646259443 231465945234518438835188303688175158731 127001840030746064222423955179909950641 127231850339851265952167241521726681341 126673205173217418387665058252117022576 85834237462548901236335366337313471442 197029692861038206237502082451759388487 175998555432661926414382587804553736457 134062714914276758672914292462982554548 239725126717661456706442834862827566014 59530604430732070949165169299233519415 192906913845972662811901867633890774520 188287223471373551762570019127778106234 321153617315498686274988055017605164676 180472256606335047374255687975148733576 249630668733133187993774545861728832510 152225168811691163172451411872266583552 338794296186106418398608727376752293929 62034680425724523812167805846896396683 132786247313987191703738458678831155056 216769573790550857741386826347914334018 258726249681740045522275468983018896866 315621107615247091529555200341146302482 171191761408856456781729625517043747668 186963423663650904721833801381993061283 227580749545607088894484082385596871734 103318655064704541518461389132234645633 237037964298382265570460354322551214835 325627028267326208535226864324894988492 140434442632577911233601564190053122925 48242041934771130313993089304240879295 132343528902167848746071639697074035865
5702890814685600617124502288308511137192
ACCESS GRANTED
923fa1835d8dbdcd9f9b0e6658b24fce54512fbba71d7a0012c37d2c9dd094a6278593d8d9f7a4aa9fecb66042

154237666030567563322016645415128529686 336955246205255482277104623991138619641 152213331792407310286717789814884228514 73646883772728996156505996447582422792 29161643941848213994611965359856790442 263010421142860369939054786680003671860 226404651759325742675020299633193229932 42444821239314767863397895975646220103 178819382756928956371986465071357694013 326495073929084033155054520326708460340 24940615486915334845580797217238559053 99366468807952380336104167411762600853 284384191232999662546385748371299829345 8559072497445475127965674668133006262 289982615298735799383869201394788881808 325338126430352810371938441123754948123 144148581542733758057618314045992924402 274766718500888561692201014524526739539 126254393751816602189252447116306864557 22416106048774084741607080277100858867 5506495256028881959723463484829549828 252072374093257610374118872226676287594 287573858859899217656470501499090755862 97547425477721483928807689828548260222 16671868698844538961441693571358727087 247375641478573448320582043163477845800 43552936102583558066429202550429152391 20402964241750934016521223227076647473 313401078914684513731789540580349482385 243106173722948668481130158184291448150 135204379628868977348134844377001288907 113455564089727380943425790019807817546 316472046386229788087804389267792469338 63552783474596019433168055602394187445 194070462955334620211449822594608262516 220616042580680988632421809767975262275 288576913582778638049895839294412854458 88295072989511847753876723529182431132 11693497792551291212986836726977519692 297410380817616630363004822350264369356
7139854152347307403439898138025810682223
ACCESS GRANTED
923fa1835d8dbdcd9f9b0e6658b24fce54512fbba71d7a0012c37d2c9dd094a6278593d8d9f7a4aa9fecb66042